2000,0.0
2001,0.0076
2002,0.0152
2003,0.022800000000000004
2004,0.0304
2005,0.038
2006,0.04560000000000001
2007,0.053200000000000004
2008,0.0608
2009,0.0684
2010,0.076
2011,0.0836
2012,0.09120000000000002
2013,0.09880000000000001
2014,0.10640000000000001
2015,0.114
2016,0.1216
2017,0.1292
2018,0.1368
2019,0.1444
2020,0.152
2021,0.15960000000000002
2022,0.1672
2023,0.1748
2024,0.18240000000000003
2025,0.19
2026,0.19760000000000003
2027,0.2052
2028,0.21280000000000002
2029,0.22039999999999998
2030,0.228
2031,0.2356
2032,0.2432
2033,0.2508
2034,0.2584
2035,0.266
2036,0.2736
2037,0.2812
2038,0.2888
2039,0.2964
2040,0.304
2041,0.3116
2042,0.31920000000000004
2043,0.3268
2044,0.3344
2045,0.342
2046,0.3496
2047,0.3572
2048,0.36480000000000007
2049,0.3724
2050,0.38
2051,0.408
2052,0.436
2053,0.46399999999999997
2054,0.49200000000000005
2055,0.52
2056,0.5479999999999999
2057,0.576
2058,0.604
2059,0.632
2060,0.66
2061,0.688
2062,0.716
2063,0.7440000000000001
2064,0.7719999999999999
2065,0.8
2066,0.828
2067,0.856
2068,0.8840000000000001
2069,0.9119999999999999
2070,0.9400000000000001
2071,0.968
2072,0.996
2073,1.024
2074,1.0519999999999998
2075,1.08
2076,1.108
2077,1.136
2078,1.164
2079,1.192
2080,1.22
2081,1.248
2082,1.276
2083,1.3039999999999998
2084,1.3319999999999999
2085,1.36
2086,1.3880000000000001
2087,1.416
2088,1.4439999999999997
2089,1.472
2090,1.5
2091,1.5280000000000002
2092,1.556
2093,1.5839999999999999
2094,1.6119999999999999
2095,1.6400000000000001
2096,1.668
2097,1.696
2098,1.7239999999999998
2099,1.752
2100,1.78
2101,1.8372
2102,1.8944
2103,1.9516
2104,2.0088
2105,2.066
2106,2.1231999999999998
2107,2.1804
2108,2.2376
2109,2.2948
2110,2.352
2111,2.4092
2112,2.4663999999999997
2113,2.5236
2114,2.5808
2115,2.6380000000000003
2116,2.6952
2117,2.7524
2118,2.8095999999999997
2119,2.8668
2120,2.924
2121,2.9812000000000003
2122,3.0383999999999998
2123,3.0956
2124,3.1527999999999996
2125,3.21
2126,3.2672000000000003
2127,3.3244000000000002
2128,3.3815999999999997
2129,3.4388
2130,3.4960000000000004
2131,3.5532
2132,3.6104
2133,3.6676
2134,3.7248
2135,3.782
2136,3.8391999999999995
2137,3.8964
2138,3.9536000000000002
2139,4.0108
2140,4.068
2141,4.1251999999999995
2142,4.1824
2143,4.2396
2144,4.296799999999999
2145,4.354
2146,4.4112
2147,4.4684
2148,4.5256
2149,4.5828
2150,4.64
2151,4.6972
2152,4.7544
2153,4.811599999999999
2154,4.8688
2155,4.926
2156,4.9832
2157,5.0404
2158,5.0976
2159,5.154800000000001
2160,5.212000000000001
2161,5.2692
2162,5.3264
2163,5.3835999999999995
2164,5.440799999999999
2165,5.497999999999999
2166,5.5552
2167,5.6124
2168,5.669600000000001
2169,5.726800000000001
2170,5.784
2171,5.8412
2172,5.8984
2173,5.9556
2174,6.0127999999999995
2175,6.07
2176,6.1272
2177,6.184400000000001
2178,6.2416
2179,6.2988
2180,6.355999999999999
2181,6.4132
2182,6.4704
2183,6.5276
2184,6.5848
2185,6.642
2186,6.699199999999999
2187,6.7564
2188,6.813599999999999
2189,6.870799999999999
2190,6.928
2191,6.9852
2192,7.042400000000001
2193,7.0996
2194,7.1568
2195,7.2139999999999995
2196,7.2712
2197,7.3284
2198,7.385599999999999
2199,7.4428
2200,7.5
2201,7.5238000000000005
2202,7.5476
2203,7.5714
2204,7.5952
2205,7.619
2206,7.6428
2207,7.6666
2208,7.6903999999999995
2209,7.7142
2210,7.7379999999999995
2211,7.7618
2212,7.7856
2213,7.809400000000001
2214,7.833200000000001
2215,7.857
2216,7.880800000000001
2217,7.9046
2218,7.928400000000001
2219,7.9522
2220,7.976
2221,7.9998000000000005
2222,8.0236
2223,8.0474
2224,8.071200000000001
2225,8.095
2226,8.1188
2227,8.1426
2228,8.1664
2229,8.1902
2230,8.214
2231,8.2378
2232,8.2616
2233,8.2854
2234,8.3092
2235,8.333
2236,8.3568
2237,8.3806
2238,8.4044
2239,8.4282
2240,8.452
2241,8.475800000000001
2242,8.499600000000001
2243,8.5234
2244,8.5472
2245,8.571
2246,8.594800000000001
2247,8.6186
2248,8.6424
2249,8.6662
2250,8.69
2251,8.7138
2252,8.7376
2253,8.7614
2254,8.7852
2255,8.809
2256,8.8328
2257,8.8566
2258,8.8804
2259,8.9042
2260,8.927999999999999
2261,8.9518
2262,8.9756
2263,8.999400000000001
2264,9.0232
2265,9.047
2266,9.0708
2267,9.0946
2268,9.118400000000001
2269,9.1422
2270,9.166
2271,9.1898
2272,9.2136
2273,9.237400000000001
2274,9.2612
2275,9.285
2276,9.3088
2277,9.3326
2278,9.3564
2279,9.3802
2280,9.404
2281,9.4278
2282,9.4516
2283,9.4754
2284,9.4992
2285,9.523
2286,9.5468
2287,9.570599999999999
2288,9.5944
2289,9.6182
2290,9.642000000000001
2291,9.665799999999999
2292,9.6896
2293,9.7134
2294,9.7372
2295,9.761000000000001
2296,9.7848
2297,9.8086
2298,9.8324
2299,9.8562
2300,9.88
