2000,0.0
2001,0.0002
2002,0.0004
2003,0.0006
2004,0.0008
2005,0.001
2006,0.0012
2007,0.0014000000000000002
2008,0.0016
2009,0.0018
2010,0.002
2011,0.0022
2012,0.0024
2013,0.0026000000000000003
2014,0.0028000000000000004
2015,0.003
2016,0.0032
2017,0.0034000000000000002
2018,0.0036
2019,0.0038
2020,0.004
2021,0.0042
2022,0.0044
2023,0.0046
2024,0.0048
2025,0.005
2026,0.005200000000000001
2027,0.0054
2028,0.005600000000000001
2029,0.0058
2030,0.006
2031,0.0062
2032,0.0064
2033,0.006600000000000001
2034,0.0068000000000000005
2035,0.007000000000000001
2036,0.0072
2037,0.0074
2038,0.0076
2039,0.0078000000000000005
2040,0.008
2041,0.0082
2042,0.0084
2043,0.0086
2044,0.0088
2045,0.009000000000000001
2046,0.0092
2047,0.0094
2048,0.0096
2049,0.0098
2050,0.01
2051,0.011200000000000002
2052,0.0124
2053,0.0136
2054,0.0148
2055,0.016
2056,0.0172
2057,0.0184
2058,0.0196
2059,0.020800000000000003
2060,0.022000000000000002
2061,0.0232
2062,0.0244
2063,0.0256
2064,0.026799999999999997
2065,0.027999999999999997
2066,0.0292
2067,0.0304
2068,0.0316
2069,0.032799999999999996
2070,0.034
2071,0.0352
2072,0.036399999999999995
2073,0.0376
2074,0.0388
2075,0.04
2076,0.0412
2077,0.0424
2078,0.04359999999999999
2079,0.044800000000000006
2080,0.046
2081,0.0472
2082,0.0484
2083,0.0496
2084,0.050800000000000005
2085,0.052000000000000005
2086,0.053200000000000004
2087,0.0544
2088,0.0556
2089,0.056799999999999996
2090,0.057999999999999996
2091,0.0592
2092,0.0604
2093,0.0616
2094,0.0628
2095,0.064
2096,0.0652
2097,0.0664
2098,0.0676
2099,0.0688
2100,0.07
2101,0.0698
2102,0.0696
2103,0.0694
2104,0.0692
2105,0.069
2106,0.0688
2107,0.06860000000000001
2108,0.0684
2109,0.06820000000000001
2110,0.068
2111,0.0678
2112,0.0676
2113,0.0674
2114,0.0672
2115,0.067
2116,0.0668
2117,0.0666
2118,0.0664
2119,0.06620000000000001
2120,0.066
2121,0.0658
2122,0.06559999999999999
2123,0.0654
2124,0.0652
2125,0.065
2126,0.06480000000000001
2127,0.0646
2128,0.0644
2129,0.06420000000000001
2130,0.064
2131,0.0638
2132,0.0636
2133,0.0634
2134,0.0632
2135,0.063
2136,0.06280000000000001
2137,0.0626
2138,0.062400000000000004
2139,0.0622
2140,0.062000000000000006
2141,0.0618
2142,0.0616
2143,0.061399999999999996
2144,0.061200000000000004
2145,0.061
2146,0.0608
2147,0.060599999999999994
2148,0.0604
2149,0.0602
2150,0.06
2151,0.059800000000000006
2152,0.0596
2153,0.059399999999999994
2154,0.0592
2155,0.059000000000000004
2156,0.0588
2157,0.05859999999999999
2158,0.0584
2159,0.0582
2160,0.057999999999999996
2161,0.057800000000000004
2162,0.0576
2163,0.05740000000000001
2164,0.0572
2165,0.057
2166,0.056799999999999996
2167,0.056600000000000004
2168,0.0564
2169,0.0562
2170,0.055999999999999994
2171,0.0558
2172,0.055600000000000004
2173,0.055400000000000005
2174,0.0552
2175,0.055
2176,0.05480000000000001
2177,0.0546
2178,0.0544
2179,0.0542
2180,0.054000000000000006
2181,0.0538
2182,0.053599999999999995
2183,0.0534
2184,0.053200000000000004
2185,0.053
2186,0.05280000000000001
2187,0.0526
2188,0.0524
2189,0.052199999999999996
2190,0.052000000000000005
2191,0.0518
2192,0.0516
2193,0.0514
2194,0.0512
2195,0.051
2196,0.050800000000000005
2197,0.050600000000000006
2198,0.0504
2199,0.050199999999999995
2200,0.05
2201,0.0509
2202,0.0518
2203,0.0527
2204,0.0536
2205,0.0545
2206,0.055400000000000005
2207,0.0563
2208,0.0572
2209,0.0581
2210,0.059000000000000004
2211,0.0599
2212,0.0608
2213,0.0617
2214,0.0626
2215,0.0635
2216,0.0644
2217,0.0653
2218,0.06620000000000001
2219,0.0671
2220,0.068
2221,0.0689
2222,0.0698
2223,0.0707
2224,0.0716
2225,0.0725
2226,0.0734
2227,0.0743
2228,0.0752
2229,0.0761
2230,0.077
2231,0.0779
2232,0.0788
2233,0.0797
2234,0.0806
2235,0.0815
2236,0.0824
2237,0.0833
2238,0.0842
2239,0.0851
2240,0.086
2241,0.08689999999999999
2242,0.08779999999999999
2243,0.08869999999999999
2244,0.08960000000000001
2245,0.09050000000000001
2246,0.09140000000000001
2247,0.09230000000000001
2248,0.0932
2249,0.0941
2250,0.095
2251,0.0959
2252,0.0968
2253,0.0977
2254,0.0986
2255,0.09949999999999999
2256,0.10039999999999999
2257,0.10129999999999999
2258,0.10219999999999999
2259,0.10309999999999998
2260,0.10399999999999998
2261,0.10490000000000001
2262,0.1058
2263,0.1067
2264,0.1076
2265,0.1085
2266,0.1094
2267,0.1103
2268,0.11120000000000001
2269,0.1121
2270,0.113
2271,0.1139
2272,0.11480000000000001
2273,0.11570000000000001
2274,0.11660000000000001
2275,0.11750000000000001
2276,0.1184
2277,0.1193
2278,0.1202
2279,0.1211
2280,0.122
2281,0.1229
2282,0.1238
2283,0.12469999999999999
2284,0.1256
2285,0.1265
2286,0.12739999999999999
2287,0.1283
2288,0.1292
2289,0.1301
2290,0.131
2291,0.1319
2292,0.1328
2293,0.13369999999999999
2294,0.1346
2295,0.13549999999999998
2296,0.13640000000000002
2297,0.1373
2298,0.13820000000000002
2299,0.1391
2300,0.14
