2000,0.0
2001,0.0012
2002,0.0024
2003,0.0036
2004,0.0048
2005,0.006
2006,0.0072
2007,0.0084
2008,0.0096
2009,0.0108
2010,0.012
2011,0.013199999999999998
2012,0.0144
2013,0.015600000000000001
2014,0.0168
2015,0.018
2016,0.0192
2017,0.0204
2018,0.0216
2019,0.022799999999999997
2020,0.024
2021,0.0252
2022,0.026399999999999996
2023,0.0276
2024,0.0288
2025,0.03
2026,0.031200000000000002
2027,0.0324
2028,0.0336
2029,0.0348
2030,0.036
2031,0.0372
2032,0.0384
2033,0.0396
2034,0.0408
2035,0.042
2036,0.0432
2037,0.044399999999999995
2038,0.045599999999999995
2039,0.0468
2040,0.048
2041,0.0492
2042,0.0504
2043,0.0516
2044,0.05279999999999999
2045,0.05399999999999999
2046,0.0552
2047,0.0564
2048,0.0576
2049,0.0588
2050,0.06
2051,0.0632
2052,0.0664
2053,0.0696
2054,0.0728
2055,0.076
2056,0.0792
2057,0.0824
2058,0.08560000000000001
2059,0.08879999999999999
2060,0.092
2061,0.09519999999999999
2062,0.0984
2063,0.10160000000000001
2064,0.1048
2065,0.10800000000000001
2066,0.11120000000000001
2067,0.11440000000000002
2068,0.1176
2069,0.1208
2070,0.12400000000000001
2071,0.12719999999999998
2072,0.1304
2073,0.1336
2074,0.1368
2075,0.14
2076,0.1432
2077,0.1464
2078,0.1496
2079,0.1528
2080,0.156
2081,0.1592
2082,0.16240000000000002
2083,0.16560000000000002
2084,0.16880000000000003
2085,0.17200000000000004
2086,0.1752
2087,0.1784
2088,0.1816
2089,0.18480000000000002
2090,0.188
2091,0.1912
2092,0.1944
2093,0.1976
2094,0.20079999999999998
2095,0.204
2096,0.2072
2097,0.2104
2098,0.2136
2099,0.2168
2100,0.22
2101,0.2218
2102,0.2236
2103,0.2254
2104,0.22719999999999999
2105,0.22899999999999998
2106,0.23079999999999998
2107,0.23260000000000003
2108,0.23440000000000003
2109,0.23620000000000002
2110,0.23800000000000002
2111,0.2398
2112,0.2416
2113,0.2434
2114,0.2452
2115,0.247
2116,0.2488
2117,0.2506
2118,0.2524
2119,0.25420000000000004
2120,0.256
2121,0.25780000000000003
2122,0.2596
2123,0.2614
2124,0.2632
2125,0.265
2126,0.2668
2127,0.2686
2128,0.2704
2129,0.2722
2130,0.27399999999999997
2131,0.2758
2132,0.2776
2133,0.2794
2134,0.2812
2135,0.28300000000000003
2136,0.2848
2137,0.2866
2138,0.2884
2139,0.2902
2140,0.292
2141,0.2938
2142,0.2956
2143,0.2974
2144,0.2992
2145,0.30100000000000005
2146,0.3028
2147,0.30460000000000004
2148,0.3064
2149,0.30820000000000003
2150,0.31
2151,0.3118
2152,0.3136
2153,0.3154
2154,0.3172
2155,0.319
2156,0.3208
2157,0.3226
2158,0.32439999999999997
2159,0.3262
2160,0.32799999999999996
2161,0.32980000000000004
2162,0.33159999999999995
2163,0.33340000000000003
2164,0.33519999999999994
2165,0.337
2166,0.33879999999999993
2167,0.3406
2168,0.34240000000000004
2169,0.3442
2170,0.34600000000000003
2171,0.3478
2172,0.3496
2173,0.3514
2174,0.3532
2175,0.355
2176,0.3568
2177,0.3586
2178,0.3604
2179,0.3622
2180,0.364
2181,0.3658
2182,0.3676
2183,0.3694
2184,0.3712
2185,0.373
2186,0.37479999999999997
2187,0.3766
2188,0.37840000000000007
2189,0.3802
2190,0.38200000000000006
2191,0.3838
2192,0.38560000000000005
2193,0.38739999999999997
2194,0.38920000000000005
2195,0.39099999999999996
2196,0.39280000000000004
2197,0.3946
2198,0.39640000000000003
2199,0.3982
2200,0.4
2201,0.4047
2202,0.4094
2203,0.41409999999999997
2204,0.41880000000000006
2205,0.42350000000000004
2206,0.4282
2207,0.4329
2208,0.4376
2209,0.44229999999999997
2210,0.44700000000000006
2211,0.45170000000000005
2212,0.45640000000000003
2213,0.4611
2214,0.4658
2215,0.4705
2216,0.47519999999999996
2217,0.47990000000000005
2218,0.48460000000000003
2219,0.4893
2220,0.494
2221,0.4987
2222,0.5034000000000001
2223,0.5081
2224,0.5128
2225,0.5175
2226,0.5222
2227,0.5269
2228,0.5316
2229,0.5363
2230,0.541
2231,0.5457
2232,0.5504
2233,0.5551
2234,0.5598
2235,0.5645
2236,0.5692
2237,0.5739
2238,0.5786
2239,0.5833
2240,0.588
2241,0.5927
2242,0.5973999999999999
2243,0.6021
2244,0.6068
2245,0.6115
2246,0.6162
2247,0.6209
2248,0.6256
2249,0.6303
2250,0.635
2251,0.6397
2252,0.6444
2253,0.6491
2254,0.6537999999999999
2255,0.6585
2256,0.6631999999999999
2257,0.6678999999999999
2258,0.6726
2259,0.6772999999999999
2260,0.682
2261,0.6867
2262,0.6914
2263,0.6961
2264,0.7008
2265,0.7055
2266,0.7101999999999999
2267,0.7149
2268,0.7195999999999999
2269,0.7243
2270,0.7290000000000001
2271,0.7337
2272,0.7384000000000001
2273,0.7431
2274,0.7478
2275,0.7525000000000001
2276,0.7572
2277,0.7619
2278,0.7666
2279,0.7713
2280,0.7759999999999999
2281,0.7807
2282,0.7854
2283,0.7900999999999999
2284,0.7948
2285,0.7994999999999999
2286,0.8041999999999999
2287,0.8089000000000001
2288,0.8136
2289,0.8183
2290,0.823
2291,0.8277
2292,0.8323999999999999
2293,0.8371000000000001
2294,0.8418000000000001
2295,0.8465
2296,0.8512000000000001
2297,0.8559000000000001
2298,0.8606
2299,0.8653000000000001
2300,0.87
