2000,0.0
2001,0.0024
2002,0.0048
2003,0.0072
2004,0.0096
2005,0.012
2006,0.0144
2007,0.0168
2008,0.0192
2009,0.0216
2010,0.024
2011,0.026399999999999996
2012,0.0288
2013,0.031200000000000002
2014,0.0336
2015,0.036
2016,0.0384
2017,0.0408
2018,0.0432
2019,0.045599999999999995
2020,0.048
2021,0.0504
2022,0.05279999999999999
2023,0.0552
2024,0.0576
2025,0.06
2026,0.062400000000000004
2027,0.0648
2028,0.0672
2029,0.0696
2030,0.072
2031,0.0744
2032,0.0768
2033,0.0792
2034,0.0816
2035,0.084
2036,0.0864
2037,0.08879999999999999
2038,0.09119999999999999
2039,0.0936
2040,0.096
2041,0.0984
2042,0.1008
2043,0.1032
2044,0.10559999999999999
2045,0.10799999999999998
2046,0.1104
2047,0.1128
2048,0.1152
2049,0.1176
2050,0.12
2051,0.1278
2052,0.1356
2053,0.1434
2054,0.1512
2055,0.159
2056,0.1668
2057,0.1746
2058,0.18240000000000003
2059,0.1902
2060,0.198
2061,0.20579999999999998
2062,0.2136
2063,0.2214
2064,0.22920000000000001
2065,0.23700000000000004
2066,0.24480000000000002
2067,0.2526
2068,0.2604
2069,0.2682
2070,0.276
2071,0.2838
2072,0.2916
2073,0.2994
2074,0.3072
2075,0.315
2076,0.32280000000000003
2077,0.3306
2078,0.33840000000000003
2079,0.34620000000000006
2080,0.35400000000000004
2081,0.3618
2082,0.36960000000000004
2083,0.3774
2084,0.3852
2085,0.39299999999999996
2086,0.4008
2087,0.4086
2088,0.4164
2089,0.4242
2090,0.43200000000000005
2091,0.4398
2092,0.4476
2093,0.4554
2094,0.4632
2095,0.47100000000000003
2096,0.47880000000000006
2097,0.48660000000000003
2098,0.4944
2099,0.5022
2100,0.51
2101,0.5179
2102,0.5258
2103,0.5337
2104,0.5416
2105,0.5495
2106,0.5574
2107,0.5653
2108,0.5732
2109,0.5811000000000001
2110,0.589
2111,0.5969
2112,0.6048
2113,0.6127
2114,0.6206
2115,0.6285000000000001
2116,0.6364
2117,0.6443000000000001
2118,0.6522
2119,0.6601
2120,0.668
2121,0.6759000000000001
2122,0.6838
2123,0.6917
2124,0.6996000000000001
2125,0.7075
2126,0.7153999999999999
2127,0.7232999999999999
2128,0.7312000000000001
2129,0.7391
2130,0.747
2131,0.7549000000000001
2132,0.7628
2133,0.7706999999999999
2134,0.7786
2135,0.7865000000000001
2136,0.7944
2137,0.8023
2138,0.8102000000000001
2139,0.8181
2140,0.826
2141,0.8339
2142,0.8418000000000001
2143,0.8497
2144,0.8576
2145,0.8655000000000002
2146,0.8734000000000001
2147,0.8813
2148,0.8892
2149,0.8971000000000001
2150,0.905
2151,0.9128999999999999
2152,0.9208
2153,0.9287000000000001
2154,0.9366
2155,0.9445
2156,0.9524000000000001
2157,0.9603
2158,0.9682
2159,0.9761
2160,0.9840000000000001
2161,0.9919
2162,0.9998
2163,1.0077
2164,1.0156
2165,1.0234999999999999
2166,1.0314
2167,1.0393000000000001
2168,1.0472
2169,1.0551000000000001
2170,1.0630000000000002
2171,1.0709
2172,1.0788
2173,1.0867
2174,1.0946
2175,1.1025
2176,1.1104
2177,1.1183
2178,1.1262
2179,1.1340999999999999
2180,1.1420000000000001
2181,1.1499000000000001
2182,1.1578
2183,1.1657000000000002
2184,1.1736
2185,1.1815
2186,1.1894
2187,1.1973
2188,1.2052
2189,1.2131
2190,1.221
2191,1.2289
2192,1.2368000000000001
2193,1.2447
2194,1.2526000000000002
2195,1.2605
2196,1.2684
2197,1.2763000000000002
2198,1.2842000000000002
2199,1.2921
2200,1.3
2201,1.3094999999999999
2202,1.3190000000000002
2203,1.3285
2204,1.338
2205,1.3475
2206,1.357
2207,1.3665
2208,1.376
2209,1.3855000000000002
2210,1.395
2211,1.4044999999999999
2212,1.4140000000000001
2213,1.4235
2214,1.433
2215,1.4425000000000001
2216,1.452
2217,1.4615
2218,1.4709999999999999
2219,1.4805000000000001
2220,1.49
2221,1.4994999999999998
2222,1.5090000000000001
2223,1.5185
2224,1.5280000000000002
2225,1.5375
2226,1.547
2227,1.5565
2228,1.566
2229,1.5755000000000001
2230,1.585
2231,1.5945
2232,1.604
2233,1.6135
2234,1.6230000000000002
2235,1.6325
2236,1.642
2237,1.6515000000000002
2238,1.661
2239,1.6705
2240,1.68
2241,1.6895
2242,1.699
2243,1.7085
2244,1.7180000000000002
2245,1.7275
2246,1.7369999999999999
2247,1.7465000000000002
2248,1.756
2249,1.7655
2250,1.7750000000000001
2251,1.7845
2252,1.794
2253,1.8034999999999999
2254,1.8130000000000002
2255,1.8225
2256,1.8319999999999999
2257,1.8415000000000001
2258,1.851
2259,1.8605
2260,1.87
2261,1.8795
2262,1.889
2263,1.8985
2264,1.9080000000000001
2265,1.9175
2266,1.9269999999999998
2267,1.9365
2268,1.946
2269,1.9555000000000002
2270,1.965
2271,1.9745
2272,1.9839999999999998
2273,1.9935
2274,2.003
2275,2.0125
2276,2.022
2277,2.0315
2278,2.041
2279,2.0505
2280,2.06
2281,2.0695
2282,2.0789999999999997
2283,2.0885
2284,2.0980000000000003
2285,2.1075
2286,2.117
2287,2.1264999999999996
2288,2.136
2289,2.1455
2290,2.1550000000000002
2291,2.1645
2292,2.174
2293,2.1835
2294,2.193
2295,2.2025
2296,2.2119999999999997
2297,2.2215
2298,2.231
2299,2.2405000000000004
2300,2.25
