2000,0.0
2001,0.0048
2002,0.0096
2003,0.0144
2004,0.0192
2005,0.024
2006,0.0288
2007,0.0336
2008,0.0384
2009,0.0432
2010,0.048
2011,0.05279999999999999
2012,0.0576
2013,0.062400000000000004
2014,0.0672
2015,0.072
2016,0.0768
2017,0.0816
2018,0.0864
2019,0.09119999999999999
2020,0.096
2021,0.1008
2022,0.10559999999999999
2023,0.1104
2024,0.1152
2025,0.12
2026,0.12480000000000001
2027,0.1296
2028,0.1344
2029,0.1392
2030,0.144
2031,0.1488
2032,0.1536
2033,0.1584
2034,0.1632
2035,0.168
2036,0.1728
2037,0.17759999999999998
2038,0.18239999999999998
2039,0.1872
2040,0.192
2041,0.1968
2042,0.2016
2043,0.2064
2044,0.21119999999999997
2045,0.21599999999999997
2046,0.2208
2047,0.2256
2048,0.2304
2049,0.2352
2050,0.24
2051,0.2576
2052,0.2752
2053,0.2928
2054,0.3104
2055,0.32799999999999996
2056,0.3456
2057,0.3632
2058,0.38079999999999997
2059,0.39840000000000003
2060,0.41600000000000004
2061,0.4336
2062,0.45120000000000005
2063,0.46879999999999994
2064,0.4864
2065,0.504
2066,0.5216
2067,0.5392
2068,0.5568
2069,0.5744
2070,0.5920000000000001
2071,0.6096
2072,0.6272
2073,0.6447999999999999
2074,0.6624000000000001
2075,0.68
2076,0.6975999999999999
2077,0.7152000000000002
2078,0.7328
2079,0.7504
2080,0.768
2081,0.7856000000000001
2082,0.8031999999999999
2083,0.8208
2084,0.8384
2085,0.856
2086,0.8736
2087,0.8912000000000001
2088,0.9087999999999999
2089,0.9264
2090,0.9440000000000001
2091,0.9616
2092,0.9792000000000001
2093,0.9968000000000001
2094,1.0144
2095,1.032
2096,1.0495999999999999
2097,1.0672
2098,1.0848
2099,1.1024
2100,1.12
2101,1.1339000000000001
2102,1.1478
2103,1.1617
2104,1.1756
2105,1.1895
2106,1.2034
2107,1.2173
2108,1.2312
2109,1.2451
2110,1.2590000000000001
2111,1.2729
2112,1.2868000000000002
2113,1.3007
2114,1.3146000000000002
2115,1.3285
2116,1.3424
2117,1.3563
2118,1.3702
2119,1.3840999999999999
2120,1.3980000000000001
2121,1.4119
2122,1.4258
2123,1.4397
2124,1.4536000000000002
2125,1.4675
2126,1.4813999999999998
2127,1.4953
2128,1.5091999999999999
2129,1.5231000000000001
2130,1.537
2131,1.5509000000000002
2132,1.5648
2133,1.5787
2134,1.5926
2135,1.6065
2136,1.6204
2137,1.6343
2138,1.6481999999999999
2139,1.6621
2140,1.676
2141,1.6899000000000002
2142,1.7038
2143,1.7176999999999998
2144,1.7316
2145,1.7455
2146,1.7594
2147,1.7732999999999999
2148,1.7872000000000001
2149,1.8011000000000001
2150,1.815
2151,1.8289
2152,1.8428
2153,1.8567000000000002
2154,1.8706
2155,1.8844999999999998
2156,1.8983999999999999
2157,1.9122999999999999
2158,1.9262000000000001
2159,1.9401
2160,1.9539999999999997
2161,1.9679
2162,1.9818
2163,1.9957
2164,2.0096
2165,2.0235
2166,2.0374000000000003
2167,2.0513
2168,2.0652
2169,2.0791
2170,2.093
2171,2.1069
2172,2.1208
2173,2.1347
2174,2.1486
2175,2.1625
2176,2.1764
2177,2.1902999999999997
2178,2.2041999999999997
2179,2.2181
2180,2.2319999999999998
2181,2.2459
2182,2.2598
2183,2.2737000000000003
2184,2.2876
2185,2.3015
2186,2.3154
2187,2.3293
2188,2.3432
2189,2.3571
2190,2.371
2191,2.3849
2192,2.3988
2193,2.4127
2194,2.4266
2195,2.4404999999999997
2196,2.4544
2197,2.4682999999999997
2198,2.4822
2199,2.4960999999999998
2200,2.5100000000000002
2201,2.5315000000000003
2202,2.5530000000000004
2203,2.5745
2204,2.596
2205,2.6175
2206,2.639
2207,2.6605000000000003
2208,2.682
2209,2.7035000000000005
2210,2.725
2211,2.7464999999999997
2212,2.7680000000000002
2213,2.7895
2214,2.8110000000000004
2215,2.8325
2216,2.8539999999999996
2217,2.8755
2218,2.897
2219,2.9185000000000003
2220,2.94
2221,2.9615
2222,2.983
2223,3.0045
2224,3.0260000000000002
2225,3.0475
2226,3.069
2227,3.0905
2228,3.112
2229,3.1335
2230,3.1550000000000002
2231,3.1765
2232,3.1980000000000004
2233,3.2195
2234,3.241
2235,3.2625
2236,3.284
2237,3.3055000000000003
2238,3.327
2239,3.3485000000000005
2240,3.37
2241,3.3914999999999997
2242,3.4130000000000003
2243,3.4345
2244,3.4560000000000004
2245,3.4775
2246,3.4989999999999997
2247,3.5205
2248,3.542
2249,3.5635000000000003
2250,3.585
2251,3.6065
2252,3.628
2253,3.6494999999999997
2254,3.6710000000000003
2255,3.6925
2256,3.714
2257,3.7355
2258,3.757
2259,3.7785
2260,3.8000000000000003
2261,3.8215
2262,3.8429999999999995
2263,3.8645
2264,3.886
2265,3.9075
2266,3.929
2267,3.9504999999999995
2268,3.972
2269,3.9935000000000005
2270,4.015
2271,4.0365
2272,4.058
2273,4.0795
2274,4.101
2275,4.1225000000000005
2276,4.144
2277,4.1655
2278,4.187
2279,4.2085
2280,4.23
2281,4.2515
2282,4.273
2283,4.2945
2284,4.316000000000001
2285,4.3375
2286,4.359
2287,4.3805
2288,4.402
2289,4.423500000000001
2290,4.445
2291,4.4665
2292,4.4879999999999995
2293,4.5095
2294,4.531000000000001
2295,4.5525
2296,4.574
2297,4.5954999999999995
2298,4.617
2299,4.6385000000000005
2300,4.66
